000000
22222222
44444444
asdf@1234
alirea135896
09160916
09180918
09200920
09220922
09300930
09350935
09360936
instagram3
11112222
11116666
11119999
22221111
22223333
22225555
33336666
33339999
44442222
44449999
55553333
55557777
66661111
66663333
77772222
77775555
88881111
88883333
88884444
88889999
99992222
135151
135454
136060
136363
137171
137272
137474
137575
137676
137878
138080
139696
525252
636363
656565
757575
777777
787878
808080
818181
828282
909090
949494
65656565
69696969
78787878
81818181
88888888
96969696
Fuckme
asd123
qaz123
414141
434343
454545
494949
515151
535353
595959
646464
696969
989898
919191
messicr7
cr7messi
tehran021
pesarpesar
mehradhidden
alirezajj
rezapishro
iraniran
johnnysins
esteghlal
persepolis
johnnydepp